LOW 0 10 20
H01 0 1 1
H02 1 1 1
H03 2 1 1
H04 3 1 1
H05 4 1 1
H06 5 1 1
H07 6 1 1
H08 7 1 1
H09 8 1 1
H10 9 1 1
H11 10 1 1
H12 11 1 1
H13 12 1 1
H14 13 1 1
H15 14 1 1
H16 15 1 1
H17 16 1 1
H18 17 1 1
H19 18 1 1
H20 19 1 1
H21 20 1 1
H22 21 1 1
H23 22 1 1
H24 23 1 1
H25 24 1 1
H26 25 1 1
H27 26 1 1
H28 27 1 1
H29 28 1 1
H30 29 1 1
H31 30 1 1
H32 31 1 1
H33 32 1 1
H34 33 1 1
H35 34 1 1
H36 35 1 1
H37 36 1 1
H38 37 1 1
H39 38 1 1
H40 39 1 1
H41 40 1 1
H42 41 1 1
H43 42 1 1
H44 43 1 1
H45 44 1 1
H46 45 1 1
H47 46 1 1
H48 47 1 1
H49 48 1 1
H50 49 1 1
